100  50  0.274550  1.663489  10834.628906  24279.177734 
100  60  0.501186  3.179154  15894.416992  36678.308594 
100  70  0.774381  5.149647  22906.984375  54542.347656 
100  80  1.174533  7.873127  30692.664062  72388.976562 
100  90  1.764327  10.833723  41866.640625  90588.375000 
100  100  2.360590  17.346609  50216.144531  124877.679688 
100  110  3.256399  21.547775  63759.824219  142931.531250 
100  120  4.145792  27.794939  75704.320312  172057.484375 
100  130  5.415945  37.197861  90466.250000  209422.984375 
100  140  6.947227  44.623932  109534.851562  238255.875000 
100  150  8.539972  58.103157  124880.789062  287738.968750 
100  160  10.828708  70.549149  148809.921875  325873.718750 
100  180  15.860676  106.793037  184180.015625  417655.062500 
100  190  18.664181  128.618866  207599.890625  467454.437500 
100  200  21.319555  145.381454  239742.171875  553011.000000 
