#N=200, n=51
#score p=1/n p=2/n p=3/n0 1.380000 0.540000 0.185000
1 19.465000 10.580000 5.390000
2 64.790001 32.720001 24.004999
3 119.839996 68.019997 46.145000
4 172.839996 104.419998 71.699997
5 241.300003 145.054993 99.055000
6 310.869995 183.315002 129.975006
7 380.195007 225.705002 168.065002
8 453.295013 276.135010 202.750000
9 527.039978 325.535004 241.240005
10 602.854980 375.505005 283.494995
11 689.265015 425.160004 328.325012
12 775.890015 482.309998 380.614990
13 876.434998 542.015015 435.815002
14 965.340027 610.075012 491.899994
15 1061.239990 687.914978 556.494995
16 1174.229980 765.924988 631.205017
17 1280.910034 839.484985 714.924988
18 1404.670044 923.304993 795.900024
19 1521.844971 1023.645020 888.890015
20 1664.875000 1114.829956 983.354980
21 1790.369995 1223.444946 1098.550049
22 1924.989990 1336.709961 1228.444946
23 2097.905029 1464.900024 1355.645020
24 2268.354980 1601.145020 1497.569946
25 2428.364990 1752.805054 1649.920044
26 2595.570068 1909.729980 1825.060059
27 2821.155029 2058.520020 2026.785034
28 3020.419922 2228.919922 2238.235107
29 3237.149902 2420.625000 2528.649902
30 3443.135010 2630.590088 2805.879883
31 3708.185059 2901.985107 3117.975098
32 3985.520020 3169.899902 3433.195068
33 4292.649902 3431.554932 3849.229980
34 4584.194824 3742.245117 4294.015137
35 4873.524902 4085.850098 4807.160156
36 5205.279785 4499.075195 5318.104980
37 5567.540039 4983.950195 5956.279785
38 5946.140137 5428.970215 6755.870117
39 6365.629883 5922.319824 7588.265137
40 6910.060059 6544.629883 8390.990234
41 7518.540039 7230.935059 9430.200195
42 8143.910156 8011.729980 10537.820312
43 8941.089844 8835.415039 12052.184570
44 9806.415039 9782.334961 13788.195312
45 10828.584961 11183.549805 15914.059570
46 12043.219727 12872.820312 18743.869141
47 13625.629883 15166.900391 22168.544922
48 15895.719727 17890.630859 27080.949219
49 18808.769531 22024.085938 35918.464844
50 26079.625000 31449.570312 56389.644531
