#N=200, n=51
#score 1/3 1/2 1/5 1/4
0 0.100000 0.000000 0.000000 0.050000
1 6.850000 5.300000 11.900000 6.000000
2 68.449997 67.099998 69.599998 57.549999
3 165.699997 199.500000 157.800003 156.350006
4 280.600006 349.899994 248.000000 251.550003
5 399.549988 486.250000 340.649994 360.299988
6 501.350006 638.299988 428.799988 473.100006
7 624.849976 788.900024 525.549988 586.150024
8 752.049988 950.700012 642.150024 697.200012
9 868.000000 1125.800049 756.049988 813.349976
10 1008.000000 1299.550049 870.150024 929.700012
11 1139.900024 1482.750000 974.099976 1063.000000
12 1277.300049 1670.900024 1084.550049 1197.250000
13 1411.300049 1845.599976 1206.449951 1326.699951
14 1573.500000 2056.100098 1335.900024 1462.500000
15 1734.300049 2266.699951 1463.650024 1606.300049
16 1900.300049 2490.500000 1621.949951 1765.599976
17 2065.649902 2701.850098 1763.000000 1932.550049
18 2224.850098 2947.350098 1905.949951 2107.399902
19 2428.100098 3190.949951 2085.600098 2284.800049
20 2626.350098 3439.699951 2265.800049 2467.800049
21 2852.699951 3726.500000 2443.600098 2671.250000
22 3055.300049 4035.649902 2650.750000 2864.000000
23 3312.350098 4322.549805 2842.800049 3080.300049
24 3584.800049 4641.100098 3049.050049 3279.250000
25 3829.850098 4998.750000 3256.350098 3505.899902
26 4119.750000 5358.250000 3503.199951 3761.300049
27 4407.950195 5763.799805 3745.100098 4049.750000
28 4721.600098 6157.500000 3996.850098 4317.399902
29 5072.350098 6572.799805 4255.750000 4625.649902
30 5416.600098 7022.700195 4521.450195 4948.399902
31 5812.549805 7554.049805 4835.450195 5282.450195
32 6221.649902 8087.649902 5187.600098 5624.600098
33 6623.950195 8606.549805 5556.600098 5987.549805
34 7073.649902 9316.450195 5965.549805 6437.299805
35 7577.399902 9999.099609 6380.500000 6856.049805
36 8147.000000 10708.549805 6815.049805 7317.700195
37 8723.549805 11527.599609 7294.750000 7786.899902
38 9258.299805 12343.700195 7884.399902 8413.450195
39 9951.349609 13191.299805 8476.200195 9035.599609
40 10779.400391 14177.549805 9211.700195 9710.950195
41 11663.599609 15248.700195 10058.950195 10455.549805
42 12639.299805 16475.800781 10953.250000 11352.200195
43 13697.400391 17772.000000 11946.849609 12322.450195
44 14993.849609 19347.050781 12926.400391 13586.849609
45 16526.699219 21231.400391 14176.599609 14913.349609
46 18277.650391 23585.050781 15791.450195 16752.050781
47 20576.199219 26318.650391 17779.150391 19090.050781
48 23549.400391 29946.150391 20717.349609 21895.750000
49 28761.849609 36592.601562 25234.949219 26646.500000
50 38715.050781 49884.101562 33916.648438 35976.550781
