67 0 0 22 0 61 23 0 25 0 0 0 0 0 0 0 181 0 7 0 0 105 0 0 0 0 18 0 0 0 0 0 0 0 0 0 0 0 55 0 0 6 0 0 83 9 0 33 0 0 26 10 15 0 0 24 32 0 0 0 8 74 0 86 14 0 0 0 0 0 0 0 0 41 34 2 0 0 0 0 0 6 54 0 0 0 0 20 0 0 1 16 48 0 11 0 0 40 0 0 0 181 12.569999
68 14 0 28 27 91 99 0 51 7 8 6 0 5 12 33 194 122 12 40 8 116 52 0 0 0 42 0 2 0 0 9 52 12 2 20 34 1 96 13 0 118 34 59 113 46 6 41 62 10 30 42 79 16 25 110 51 0 0 58 90 81 38 151 67 0 0 51 0 41 68 0 0 92 43 154 0 0 12 0 29 56 57 55 0 6 20 43 34 48 26 82 119 22 45 0 5 137 34 29 0 194 39.110001
117 25 67 32 40 99 118 50 52 21 34 25 24 21 48 76 202 164 24 56 24 163 87 51 16 32 58 17 13 0 8 19 114 83 17 93 200 6 163 17 20 149 97 104 174 136 20 155 64 11 44 52 95 63 91 168 71 0 9 61 96 139 58 184 81 53 2 54 0 60 81 31 6 193 86 175 14 38 71 1 61 82 111 68 35 64 66 45 75 96 91 109 159 25 74 33 27 143 37 52 0 202 69.360001
145 95 112 63 69 211 158 123 66 34 41 26 31 47 58 83 223 180 57 155 26 167 138 65 43 42 72 48 25 0 23 68 145 87 65 115 214 7 219 36 84 159 154 113 197 139 78 179 81 14 107 62 108 79 142 266 72 4 24 94 108 200 67 203 82 166 10 57 50 92 133 167 21 205 90 206 33 90 165 63 65 119 157 91 81 108 80 48 96 176 127 146 166 29 132 143 38 181 55 53 0 266 100.370010
156 139 114 104 75 232 191 214 108 130 86 34 52 67 90 159 267 186 71 202 41 173 139 85 122 74 246 57 52 19 31 70 191 90 134 126 321 73 257 126 100 189 181 150 213 152 111 180 173 38 119 74 134 98 184 307 95 40 82 96 146 211 73 331 92 180 67 59 60 160 161 173 73 216 94 231 40 102 332 103 71 144 205 136 92 121 85 68 111 237 154 174 184 36 186 214 96 207 57 59 19 332 133.610016
211 203 166 105 125 255 202 262 201 170 267 90 117 103 156 181 273 211 95 205 53 177 141 99 138 75 274 141 59 29 38 143 255 138 195 129 358 123 314 128 123 197 198 218 215 162 260 189 177 110 168 96 191 100 207 321 102 55 128 122 281 256 125 343 102 230 158 84 92 205 162 183 131 219 102 280 128 119 367 133 113 147 221 142 106 199 174 171 145 258 267 178 242 141 192 244 115 211 138 71 29 367 171.190048
227 221 167 152 139 265 208 298 280 198 283 95 120 155 175 264 370 254 97 242 96 194 166 156 153 81 287 148 74 87 69 163 282 155 200 162 380 137 317 142 139 282 223 273 268 202 261 287 227 117 172 129 286 129 216 386 132 56 154 128 294 282 194 425 140 252 169 87 188 247 280 215 149 246 178 283 153 271 452 144 130 166 304 199 113 274 221 185 169 272 271 186 251 142 231 259 120 225 139 108 56 452 203.400070
249 308 206 168 145 297 249 328 346 206 292 99 125 187 181 283 381 326 128 282 107 198 200 181 218 90 294 156 97 154 97 177 297 219 212 210 438 146 345 185 178 286 262 289 278 223 267 375 241 123 179 139 347 150 254 435 228 67 193 140 388 334 218 491 154 253 203 141 189 289 310 248 154 295 182 353 220 299 512 149 146 203 367 202 171 348 224 188 235 309 307 248 260 146 238 281 214 273 172 126 67 512 235.010025
281 376 271 171 174 304 309 357 368 223 336 128 135 193 193 330 403 337 173 293 114 248 206 198 259 189 375 191 107 209 113 195 337 292 530 224 487 180 351 350 187 352 344 339 319 254 304 403 261 203 183 170 387 163 336 526 270 84 197 180 402 394 248 495 225 264 216 198 248 317 371 292 174 307 191 371 233 374 570 247 235 208 449 253 219 359 237 232 304 347 325 285 300 160 240 284 230 318 198 154 84 570 274.460052
341 428 310 177 251 365 476 360 405 393 388 154 170 214 194 440 434 392 180 301 189 311 223 232 266 263 411 234 190 238 142 260 359 326 560 229 488 223 431 419 217 369 348 466 361 333 393 518 270 216 189 231 391 274 343 542 370 170 229 191 439 433 296 527 245 403 313 279 279 414 382 470 248 320 260 391 460 384 700 477 238 246 473 307 268 402 282 243 322 401 380 293 391 179 305 290 233 386 200 157 142 700 325.039948
390 474 347 205 272 461 481 403 455 460 411 162 230 355 214 498 456 507 230 339 289 351 269 286 404 285 453 283 245 249 237 291 396 340 652 272 552 240 444 421 221 447 350 486 397 353 400 674 340 231 235 238 411 406 359 595 404 246 271 206 517 462 477 552 250 488 335 361 305 443 391 472 253 350 262 438 500 477 716 509 252 285 531 358 279 408 443 255 331 413 383 364 405 182 328 300 236 404 219 179 162 716 366.919983
395 481 364 209 307 463 569 437 651 467 414 171 261 360 217 565 502 530 253 364 345 555 396 317 469 301 457 305 317 250 300 309 464 381 654 287 658 296 535 524 279 454 430 511 401 407 416 760 527 262 370 248 429 434 370 598 519 266 302 225 529 506 581 564 296 597 344 400 309 445 591 688 263 467 331 439 506 552 783 597 270 362 533 390 306 418 487 264 344 423 404 400 435 183 384 311 246 500 242 208 171 783 412.059998
523 488 392 320 363 600 604 459 709 479 434 180 346 492 242 585 504 564 254 382 363 688 528 347 495 370 895 440 331 334 381 452 501 531 790 349 756 310 536 531 287 553 461 539 416 421 430 852 537 273 379 286 437 506 466 634 567 268 329 269 544 643 626 708 299 681 372 489 325 456 610 697 265 503 398 511 516 559 928 624 302 377 556 398 369 433 488 290 382 551 408 460 502 198 473 330 267 585 410 238 180 928 465.289948
678 494 502 405 375 627 622 477 734 585 482 212 380 681 318 604 598 614 266 394 457 723 557 396 606 492 975 517 429 402 383 494 517 569 809 479 871 317 681 584 313 752 465 548 422 564 542 896 561 275 398 325 485 507 499 647 641 311 330 280 547 653 667 716 328 774 390 538 383 501 630 791 352 598 439 518 704 560 987 672 306 419 652 466 371 435 520 307 399 595 628 470 600 305 503 339 281 628 482 244 212 987 517.649963
728 536 509 486 538 664 695 539 813 610 488 438 385 751 327 676 612 644 289 416 491 740 659 458 711 582 1013 537 439 500 540 667 554 596 898 488 904 342 698 617 428 777 480 562 611 611 612 971 568 337 472 333 505 518 520 687 699 337 427 381 605 850 764 788 353 780 521 577 396 540 634 807 384 601 471 521 792 587 995 718 377 500 737 494 420 542 545 313 430 673 715 497 731 332 504 365 290 632 497 261 261 1013 569.529846
775 633 547 491 561 670 873 607 818 630 545 531 553 816 398 706 622 670 338 440 525 817 667 535 723 617 1040 553 462 512 560 706 566 665 1074 537 974 393 699 703 433 929 567 569 631 614 753 981 577 350 563 338 518 580 692 735 823 428 444 433 629 872 931 928 388 825 746 614 430 572 667 847 392 771 491 532 795 725 1130 730 545 521 742 511 434 566 559 323 455 727 819 549 783 348 554 440 360 669 512 347 323 1130 622.890015
785 643 556 509 644 801 1188 693 842 654 556 602 554 845 405 708 624 803 355 505 545 874 681 605 909 635 1074 674 689 588 585 713 674 684 1099 567 1048 456 829 872 498 944 588 571 690 750 778 982 629 386 582 339 535 592 747 752 920 546 522 447 687 920 1048 1020 510 870 862 660 437 835 677 872 416 819 509 557 805 792 1175 908 575 590 840 525 746 608 688 506 537 735 820 551 792 418 581 571 413 694 583 389 339 1188 684.120239
789 645 605 590 649 893 1230 769 981 673 687 635 700 889 471 736 664 1069 359 541 589 904 728 689 937 676 1110 790 707 653 662 753 744 763 1252 572 1104 537 1034 1032 536 954 600 598 727 845 1224 1116 715 397 607 401 545 684 814 781 922 576 570 511 754 996 1129 1147 513 897 947 673 452 861 746 902 606 857 679 682 826 802 1193 1031 601 648 842 582 785 614 730 583 620 775 851 571 836 490 601 602 446 697 592 432 359 1252 745.250122
813 751 623 592 794 943 1393 806 1010 734 708 664 885 1068 567 748 677 1090 410 559 705 938 794 742 945 726 1114 885 945 695 726 822 787 830 1385 986 1122 590 1037 1051 563 982 614 608 731 914 1537 1153 744 550 609 417 641 714 834 806 990 757 771 726 898 1026 1150 1178 544 928 990 737 574 874 748 965 627 875 721 813 1179 844 1196 1121 661 651 907 607 852 682 739 633 692 961 934 684 838 548 721 878 543 759 696 458 410 1537 817.530334
1004 769 650 604 836 958 1673 983 1074 739 997 670 906 1144 582 782 819 1140 484 639 737 1098 820 748 991 813 1120 1004 987 701 734 829 935 844 1423 1077 1198 696 1063 1109 575 1020 735 656 791 937 1560 1195 794 627 665 575 699 954 861 894 1058 801 844 1055 920 1202 1174 1204 650 983 1057 742 609 909 755 1195 733 1213 741 841 1283 856 1329 1224 722 783 967 612 903 718 970 932 757 1039 977 792 839 555 771 918 571 787 733 506 484 1673 891.480103
1216 943 731 724 849 993 1699 1053 1175 889 1003 721 937 1156 667 886 887 1148 585 713 773 1282 1030 784 997 983 1157 1142 1134 732 739 921 1111 1079 1453 1184 1365 706 1213 1224 609 1048 913 660 857 1394 1581 1353 872 642 811 818 798 973 929 908 1169 884 921 1075 1009 1320 1245 1388 789 1124 1068 783 652 1067 841 1209 837 1299 1181 934 1285 871 1337 1448 757 983 1126 873 917 751 1022 939 810 1114 1017 806 851 592 950 1105 579 829 788 613 579 1699 983.080017
1250 958 739 732 959 1162 1986 1091 1181 1062 1101 723 982 1176 752 918 1115 1194 600 764 898 1415 1263 879 1017 1005 1158 1302 1205 995 748 962 1223 1132 1474 1195 1429 887 1272 1330 642 1051 1007 877 1104 1410 1615 1408 883 647 876 889 800 1054 934 923 1323 915 961 1147 1177 1468 1303 1391 904 1192 1093 886 696 1070 1033 1549 997 1608 1396 1009 1527 999 1456 1588 803 1076 1246 1011 1074 900 1087 968 857 1221 1043 857 929 842 994 1138 626 954 856 746 600 1986 1072.700073
1400 1113 1025 822 1036 1215 2001 1122 1439 1276 1126 844 1071 1251 851 1325 1226 1238 862 826 1263 1439 1444 1105 1132 1078 1295 1434 1224 1038 887 1036 1412 1330 1658 1490 1430 1088 1359 1332 714 1360 1015 1130 1112 1533 1665 1470 1007 679 892 1111 883 1164 989 1025 1410 931 1016 1248 1280 1718 1633 1431 1075 1310 1100 1100 731 1097 1199 1567 1141 1679 1407 1047 1589 1061 1530 1680 1135 1113 1267 1014 1186 1357 1121 1105 1066 1254 1277 918 1021 871 1150 1157 663 1154 864 863 663 2001 1188.279785
1583 1130 1253 1070 1072 1246 2035 1600 1442 1713 1163 946 1142 1770 1099 1482 1466 1491 983 856 1363 1579 1644 1290 1285 1222 1451 1558 1258 1261 1121 1199 1520 1481 1719 1575 1514 1090 1524 1350 902 1520 1035 1131 1497 1567 1886 1837 1137 695 977 1362 884 1384 1100 1234 1455 1307 1036 1269 1465 1804 1664 1633 1106 1388 1105 1160 897 1110 1399 1583 1196 2057 1527 1164 1757 1415 1552 1691 1142 1163 1291 1210 1305 1464 1186 1184 1163 1605 1332 1022 1155 880 1438 1277 824 1486 1029 1005 695 2057 1325.950317
1609 1166 1495 1104 1135 1280 2250 1738 1666 2005 1185 951 1325 1771 1225 1643 1491 1518 1701 1070 1431 1677 1853 1295 1547 1241 1617 1614 1296 1398 1152 1226 1842 1507 1945 1653 1537 1502 1603 1699 1254 1673 1076 1421 1569 1656 1938 1846 1138 804 1996 1488 1071 1539 1149 1276 1480 1370 1059 1352 1635 1904 1679 1692 1279 1422 1174 1379 971 1269 1473 1596 1297 2085 1729 1185 1848 1469 1576 1899 1363 1476 1305 1610 1334 1538 1569 1207 1168 1631 1387 1110 1336 921 1464 1532 1112 1632 1062 1085 804 2250 1455.209717
1848 1433 1622 1334 1321 1513 2517 1775 1994 2440 1565 1106 1355 1819 1508 2263 1825 1792 1927 1365 1496 1705 2009 1558 1689 1294 1663 1800 1304 1708 1208 1363 1960 1535 2221 1890 1566 1740 1714 1771 1297 1711 1094 1463 1762 1742 2071 1974 1200 1413 2281 1725 1094 1892 1249 1370 1505 1422 1097 1564 1737 2172 1755 2148 1350 1487 1299 1598 1123 1579 1686 1738 1321 2109 1893 1189 2381 1493 1744 2021 1511 1529 1323 1659 1351 1869 1609 1610 1543 1838 1388 1272 1473 928 1699 1637 1208 1716 1195 1178 928 2517 1618.009766
2057 2714 1661 1601 1372 1614 3093 1793 2056 2467 1936 1394 1387 1848 1562 2658 2139 1886 2005 1459 1766 1818 2474 1705 1710 1352 1786 2000 1350 1913 2118 1371 2270 1642 3417 2127 1650 2448 1838 2526 1398 1747 1165 1524 1811 2116 2164 2083 1255 1742 2335 1757 1246 2451 1614 1464 1558 1907 1128 1736 1883 2296 1820 2326 1686 1615 1403 1680 1536 1819 1711 1863 1397 2571 1974 2058 2385 1530 2564 2142 1922 1721 1642 1740 1448 2218 2000 1703 1690 1880 1396 1286 1786 1190 1720 1706 1345 1740 1496 1552 1128 3417 1836.239624
2445 2789 1900 1961 1620 1712 3126 2134 2099 2738 2075 1551 1643 2806 1755 2749 2511 2300 2135 1616 1893 1851 3083 1727 1849 1787 1803 3253 1484 2088 2130 1654 2491 1726 4459 2151 1855 3227 2108 2862 1526 1786 1198 1702 1933 2223 2341 2181 1350 1899 2676 1982 1904 2545 2031 2347 1664 1914 1475 2276 2057 2450 3283 2334 1793 2022 1440 1730 1679 3234 1738 1869 1435 3532 1977 2425 2531 1670 3037 2345 2167 1731 1693 1774 1592 2291 2328 1967 2110 2088 2022 1389 1870 1612 1739 1877 1991 1867 1552 1898 1198 4459 2102.379883
2776 3134 2002 2109 1627 2281 3177 2813 2386 3462 2941 1951 1971 3006 1857 3009 2967 2331 2409 1918 2297 2883 3092 2029 2072 2346 2422 4351 2634 2789 2318 3115 2715 1787 5405 2459 1940 3530 2120 2996 1585 1908 1554 2156 2268 2317 2544 2215 1394 3625 3017 2554 2112 3224 2917 2359 1917 2475 1657 2525 2609 3214 3690 2712 2219 2283 1575 1800 1707 3358 2012 2717 1844 3640 2207 3201 2657 1740 3231 3228 2353 2016 1793 2017 2160 2787 2335 2466 3119 2363 2118 1740 1983 1653 2201 2014 2374 1954 1558 1966 1394 5405 2463.639648
3759 3746 2411 3395 1672 2874 4424 3412 2520 3504 3072 1961 3425 4246 2384 3057 5371 2780 3729 2305 2426 3405 3648 5586 2443 2490 2989 4900 2676 2916 2521 3630 4276 2158 6056 3587 2401 3664 3311 4051 4361 2522 1736 2795 2542 3835 3394 3538 2824 5548 3696 4676 2971 3308 4785 2512 2399 3098 3994 3642 2877 4514 3742 3964 2759 3995 2310 2276 3108 3689 2234 3218 3450 4029 2331 4307 5998 3149 3502 6220 2952 2306 2516 2837 3573 6559 2757 2715 3234 4303 2144 1789 3944 4067 2293 2623 5470 2162 3365 2026 1672 6559 3366.639648
