#N=100
#Columns n mean_bb var_bb mean_t var_t
20 1265.020020 469.924316 0.000224 0.000077
30 3508.800049 1082.512817 0.000759 0.000235
40 6524.229980 1769.304932 0.001692 0.000449
50 11396.429688 3431.354248 0.003508 0.001084
60 16697.789062 4942.005859 0.005843 0.001786
70 22891.730469 5080.853516 0.009009 0.002075
80 31819.630859 7759.158691 0.013879 0.003441
90 38279.789062 8090.638672 0.018301 0.003967
100 51707.710938 11774.619141 0.026828 0.006179
110 63409.960938 14221.912109 0.035591 0.008017
120 76501.843750 15874.080078 0.045957 0.009621
130 88494.867188 20211.742188 0.057257 0.013247
140 107355.523438 25944.007812 0.073952 0.018700
150 123559.367188 28866.802734 0.095337 0.024128
160 145318.515625 38211.644531 0.112674 0.032906
170 165080.531250 33950.113281 0.132874 0.027777
180 190319.562500 45767.203125 0.160993 0.039254
190 200765.281250 38326.007812 0.177834 0.034562
200 240521.234375 53050.250000 0.227590 0.066011
210 258349.343750 51304.574219 0.251042 0.050214
220 292865.937500 71823.226562 0.296666 0.073605
230 322883.937500 66619.789062 0.340593 0.071242
240 347273.031250 71157.984375 0.381157 0.078831
250 387343.312500 76782.289062 0.441589 0.088363
260 407812.843750 83928.187500 0.482300 0.100903
270 452881.031250 96510.554688 0.555875 0.119691
280 498971.000000 118128.468750 0.635479 0.152164
290 509302.625000 96295.648438 0.678521 0.129637
300 563895.937500 130481.546875 0.781748 0.183211
310 586723.750000 125352.984375 0.839159 0.181518
320 648765.375000 133360.281250 0.956052 0.198497
330 692739.625000 126489.906250 1.051772 0.193603
340 758386.375000 141162.812500 1.182515 0.222115
350 774322.562500 152013.781250 1.239194 0.245039
360 829788.750000 150451.578125 1.364612 0.249292
370 881909.687500 181414.609375 1.485423 0.307599
380 921227.187500 171610.718750 1.587761 0.296834
390 1023253.125000 192648.468750 1.811435 0.342953
