74 23 0 0 0 17 10 140 0 0 31 0 0 103 0 0 0 0 112 1 0 140 25.549999
95 27 0 175 0 48 80 250 42 0 163 0 13 106 65 0 0 35 130 138 0 250 68.349998
108 190 0 218 279 49 201 372 66 0 286 0 27 269 189 11 36 133 146 205 0 372 139.250000
157 345 234 352 345 61 256 539 174 165 338 69 106 464 242 66 37 347 165 290 37 539 237.600021
208 408 295 444 352 100 574 1150 388 168 347 131 245 626 306 68 76 441 194 329 68 1150 342.499969
220 418 341 626 600 116 636 1333 425 273 486 423 329 797 382 174 117 460 285 427 116 1333 443.400024
232 463 413 710 644 160 681 1381 437 346 645 576 439 805 422 321 136 465 304 471 136 1381 502.549988
292 472 578 906 647 185 900 1409 608 367 743 780 443 810 674 618 341 469 313 540 185 1409 604.750061
435 499 670 1095 647 232 975 1491 630 371 849 899 490 817 749 761 510 502 413 629 232 1491 683.200012
465 514 1132 1120 661 263 1032 1676 649 373 1030 901 520 926 857 863 676 522 445 670 263 1676 764.750000
565 614 1322 1150 728 281 1033 1989 714 393 1045 919 600 971 881 961 844 648 455 789 281 1989 845.100037
607 711 1413 1383 872 332 1196 2011 771 410 1103 1005 601 1205 1008 1088 942 666 476 856 332 2011 932.799988
686 794 1635 1415 913 415 1218 2073 818 582 1103 1070 702 1480 1037 1193 1472 698 524 1219 415 2073 1052.349976
785 880 1645 1480 987 712 1351 2080 941 607 1166 1242 781 1760 1147 1199 1494 739 628 1292 607 2080 1145.799927
817 917 1791 1641 1366 734 1513 2236 1065 746 1300 1261 878 1797 1358 1384 1650 834 647 1396 647 2236 1266.549927
990 1045 1821 1740 1399 827 1555 2254 1188 794 1316 1573 1022 1842 1742 1429 1830 914 918 1460 794 2254 1382.949951
1044 1437 1866 1753 1464 990 1628 2365 1192 820 1335 1868 1264 2042 1775 1436 1909 1184 918 1482 820 2365 1488.599976
1347 1512 1871 1984 1521 1191 1854 2489 1669 896 1460 1896 1323 2151 1783 1877 1976 1715 1227 1579 896 2489 1666.050049
1351 1569 2011 1992 1681 1335 1952 2493 1889 1103 1479 1898 1329 2387 1878 1890 1986 1735 1335 1623 1103 2493 1745.800049
1367 1914 2050 2056 1793 1442 2146 2676 2044 1215 1523 2125 1479 2406 1982 1902 2192 1765 1555 1679 1215 2676 1865.549927
1400 2090 2086 2076 1796 1524 2171 2705 2242 1261 1557 2222 1818 2427 2173 1984 2335 1880 1759 1942 1261 2705 1972.399780
1601 2255 2184 2112 2221 1644 2183 2791 2273 1325 1882 2377 2032 2486 2412 2178 2369 2104 1867 2097 1325 2791 2119.649902
1628 2262 2403 2407 2315 1719 2336 2911 2276 1512 1929 2467 2171 2734 2635 2206 2408 2118 1964 2404 1512 2911 2240.250000
1653 2286 2512 2775 2513 1885 2365 3042 2313 1614 1986 2604 2218 2837 3007 2460 2621 2562 1991 2445 1614 3042 2384.450195
1735 2400 2515 2898 2596 2470 2385 3229 2401 1663 2154 2622 2268 3125 3244 2527 2710 2575 2024 2567 1663 3244 2505.400146
1881 2925 2561 3373 2729 2553 2457 3741 2649 1700 2166 2640 2290 3168 3275 2557 2714 2728 2043 2892 1700 3741 2652.099854
2060 2934 2766 3397 3118 2562 2515 4203 2932 1917 2170 2728 2627 3196 3604 2861 2770 2792 2099 2928 1917 4203 2808.949951
2074 3217 2878 4172 3304 2584 3359 4289 3134 1960 2486 3025 2718 3255 3706 2944 2917 2793 2132 3138 1960 4289 3004.250000
2086 3229 2915 4364 3441 2623 3359 4351 3369 2525 2581 3280 2795 3281 3751 2993 2969 2799 2333 3262 2086 4364 3115.299805
2146 3453 3122 4392 3454 2798 3481 4637 3653 2766 2732 3524 2820 3299 3857 3021 3040 2925 2424 3527 2146 4637 3253.550049
3127 3468 3164 4416 3564 2977 3486 4792 3754 3328 2843 3712 2936 3412 4029 3023 3040 2978 2440 3592 2440 4792 3404.050049
3345 4557 3329 4868 3650 3268 3556 4957 4093 3361 2869 3904 4136 3907 4200 3129 3101 3063 2443 3694 2443 4957 3671.500000
3405 5101 3404 4887 3689 3649 3578 4973 4137 3679 3457 4314 4293 4279 4333 3168 3266 3207 2737 4084 2737 5101 3881.999756
3463 5540 3476 5009 3798 3672 3588 5180 4186 3800 3852 4410 4340 4304 4466 3321 3566 3312 2738 4235 2738 5540 4012.800293
3481 5698 3653 5148 3977 4226 3588 5602 4231 4090 4227 5303 4423 4384 4470 3399 3941 3335 2956 4417 2956 5698 4227.450195
4457 6047 3852 5415 4094 4336 3671 5681 4557 4143 4279 5476 4662 4444 5137 3405 3985 3667 2968 4538 2968 6047 4440.700195
5040 6397 4093 5455 4180 4401 3691 5851 4813 4203 4491 5974 4699 4570 5276 3420 4028 3948 3037 4540 3037 6397 4605.350098
5360 6475 4195 5818 4259 4624 3819 6080 4849 5092 4539 6127 4837 4832 5288 3679 4519 4236 3449 4690 3449 6475 4838.350098
5674 6600 4258 5947 4311 4794 3947 6493 4967 5137 4863 6609 4941 5178 5496 4439 5408 4279 3537 4845 3537 6609 5086.150391
5813 6788 4920 6229 4359 5439 4055 6544 4967 5738 4935 6677 5143 5944 5655 4657 5956 4290 3901 4865 3901 6788 5343.749512
5850 6809 4949 6444 4729 6619 4604 6578 5182 5754 5468 6972 5296 6249 5848 4698 6169 4566 3940 5012 3940 6972 5586.799805
5968 7344 5472 6477 5076 6653 5110 7218 5229 5854 5547 7394 5324 6264 6153 4793 6229 6184 4155 5235 4155 7394 5883.950195
6433 7632 5526 6695 5281 6734 5227 7534 5498 5887 5624 7642 6232 6488 6176 4923 6790 6334 4222 5925 4222 7642 6140.149902
7787 7658 6625 6729 5415 6769 5338 7538 5671 6443 5647 8568 6845 6661 6773 5234 6901 6343 4250 6244 4250 8568 6471.949219
8355 7882 6879 7086 5512 6850 5918 7691 5731 6449 6142 8971 6849 6688 6807 5238 7075 7218 4291 7090 4291 8971 6736.100098
9179 7948 7339 7726 5518 7057 5965 7736 6052 6461 6278 9541 6987 6988 6868 5753 7276 7495 4658 7519 4658 9541 7017.199707
9203 8226 8103 10005 5783 7764 6144 7781 6235 6484 6692 9756 7319 7052 8608 5953 7513 7501 5181 7874 5181 10005 7458.849609
9802 8294 8121 10286 6158 8428 7869 7805 6491 7423 7047 9862 7589 7196 8810 6433 7902 7631 5474 8230 5474 10286 7842.549805
9882 8443 8386 10597 6296 8562 8820 7925 6635 7843 7133 10082 7634 9496 10137 7877 8067 7832 6004 8898 6004 10597 8327.451172
10694 8788 8397 11586 6445 8954 9488 8157 6930 8591 7186 10214 9048 10107 10321 8698 8270 8200 6126 9376 6126 11586 8778.799805
11134 8881 8619 12035 6772 9003 9932 8974 6981 8694 7403 10285 9160 10902 10330 9218 8999 8228 6812 9529 6772 12035 9094.549805
11214 9060 8734 12123 6774 9035 10358 9319 7340 8753 9283 10436 9411 11335 10341 9218 9396 8249 7293 9900 6774 12123 9378.598633
12982 9880 9309 13143 7187 10177 10468 9616 7531 9734 10156 10919 9672 11419 10684 10859 9409 8650 7478 10735 7187 13143 10000.401367
13297 10392 10200 13536 7226 10620 11359 9629 7711 9856 10456 11405 10812 11804 10760 11492 9807 8842 8169 11438 7226 13536 10440.549805
13633 10618 10755 13767 7619 11533 12440 9917 8670 10200 10592 12010 11116 12181 11034 12216 10274 8980 8310 11888 7619 13767 10887.650391
13845 11627 11281 13769 8540 12219 13629 11402 9352 10248 11072 12693 11146 12322 11884 12428 11221 9349 8688 12256 8540 13845 11448.550781
14132 11705 11824 14178 8639 12707 14270 11832 11055 11011 11229 13127 11165 12414 14299 12564 11638 9464 9329 12706 8639 14299 11964.401367
14317 12427 12630 15209 8920 13753 14317 12222 11477 11310 11397 14985 11329 12821 14593 15099 12024 9956 9329 12989 8920 15209 12555.201172
14746 12451 12785 15289 9414 13762 15371 13245 11991 11490 11688 15316 11413 12870 15135 16441 12075 11554 9432 13983 9414 16441 13022.549805
15584 13515 13374 16587 9645 14092 15626 13505 13757 11557 12033 15350 11972 13251 15395 16801 12117 12992 10113 16181 9645 16801 13672.348633
15888 13939 13523 16650 10176 14553 15853 14385 14782 12024 12987 16052 12350 13480 16726 16923 12407 13076 10263 17150 10176 17150 14159.350586
15959 14673 14343 17365 10593 15465 17043 14431 15935 12261 13202 16176 12592 13912 20210 17252 12472 14737 11809 17161 10593 20210 14879.547852
16987 15336 14601 17941 12130 15511 19399 14926 16795 12659 13870 16236 14718 14093 20868 17530 12989 15778 12611 17507 12130 20868 15624.250977
17750 18541 14898 18513 13178 16007 20415 15067 16851 12837 14886 16348 14741 15126 20884 19445 14008 16822 12715 21078 12715 21078 16505.500000
17997 19343 15532 18929 17884 16728 21422 15285 16938 13595 17205 16579 15601 16298 21000 22094 14412 18387 13567 21119 13567 22094 17495.750000
18057 19572 18023 20326 23699 18243 22175 17394 19441 13636 18002 19256 16745 22023 22135 24159 15422 20562 13612 22880 13612 24159 19268.099609
19943 20400 19674 21111 24766 18547 26638 18927 20931 14590 20058 19656 16749 22305 23110 24589 16633 20959 14875 23706 14590 26638 20408.349609
20003 26090 22913 23341 25760 18717 27916 20628 21917 15417 20381 21026 18553 22591 24001 25259 16769 21014 15118 24462 15118 27916 21593.796875
20492 26517 24117 25682 27500 21682 28259 24183 28479 17349 20629 21039 19453 23315 24167 26098 18152 23753 16225 24506 16225 28479 23079.851562
20590 28399 24764 27314 29011 21918 29744 37670 29638 19117 21201 22670 22054 25607 24433 27446 20083 23881 16350 24770 16350 37670 24833.000000
21345 31058 26031 29404 29983 24352 32295 39367 33215 20412 27328 22964 23499 25807 25422 30924 20398 25575 17369 25384 17369 39367 26606.595703
22834 32612 26621 30970 30143 25799 39364 39586 33622 21698 28324 25146 24871 27020 26052 33189 22487 25686 17615 25729 17615 39586 27968.398438
32230 47903 27667 33543 34789 25933 40562 41567 33916 23680 29553 28177 25775 29137 28261 35190 23969 26500 17757 27634 17757 47903 30687.148438
35819 48088 28478 34763 37939 26027 41983 44734 34218 24003 29793 28602 31059 33730 30583 40557 26200 28301 18412 30198 18412 48088 32674.349609
36310 48569 33104 34993 39592 26360 43076 46034 35554 33252 30638 36435 32970 34220 30908 42906 26971 41395 19129 30477 19129 48569 35144.652344
36844 52642 33248 36282 40193 32241 43204 46470 36155 37329 31102 44861 36319 35532 32873 46635 28129 45233 20624 33253 20624 52642 37458.445312
38840 63663 38049 38266 40978 33416 43677 55124 48067 48243 32064 47342 37266 40901 36410 57459 30447 45387 21627 34718 21627 63663 41597.203125
42005 71320 38224 39520 44120 33669 45783 71052 56641 56606 33362 52735 38408 45133 38442 60430 36014 55188 31974 52590 31974 71320 47160.800781
53251 80290 39670 45070 49228 41539 49396 77852 66059 63427 34832 53084 49524 46337 52061 69551 42503 56838 54689 58305 34832 80290 54175.296875
60833 81034 54064 57199 60677 72863 58483 87962 138297 98249 82814 58187 52152 84961 64170 71523 55234 75842 59083 81474 52152 138297 72755.054688
