0 33.889999 85.300636
1 100.830002 114.081108
2 198.250000 158.092590
3 295.700012 177.234711
4 395.190002 201.014771
5 490.170013 219.711914
6 605.309998 238.522400
7 711.210022 257.580688
8 813.340027 274.214783
9 935.619995 298.054321
10 1042.310059 317.671997
11 1154.680054 334.665314
12 1252.699951 338.487640
13 1371.300049 344.602661
14 1487.810059 359.369598
15 1617.680054 366.886566
16 1739.040039 398.124664
17 1869.219971 407.961700
18 1972.849976 421.495270
19 2085.800049 452.441711
20 2220.060059 485.010315
21 2331.639893 494.500244
22 2477.870117 537.052124
23 2592.820068 539.897705
24 2721.620117 539.547485
25 2863.429932 561.847839
26 2995.070068 586.171448
27 3125.729980 618.540222
28 3243.889893 639.131470
29 3374.570068 632.525879
30 3518.320068 656.789185
31 3640.679932 678.148193
32 3779.659912 691.190979
33 3915.659912 712.926392
34 4084.600098 738.117859
35 4260.919922 757.534180
36 4409.250000 792.333252
37 4591.970215 819.147095
38 4721.520020 818.311707
39 4873.750000 855.063721
40 5032.120117 866.562195
41 5214.020020 894.197937
42 5381.939941 906.582581
43 5549.930176 922.409912
44 5715.419922 903.436768
45 5893.729980 933.117371
46 6053.689941 969.944336
47 6216.000000 987.914978
48 6440.009766 1010.556274
49 6618.509766 1027.733398
50 6807.060059 1027.194214
51 6995.629883 1043.442383
52 7206.259766 1081.632080
53 7380.870117 1110.470215
54 7604.290039 1129.591064
55 7821.470215 1168.426270
56 8041.589844 1149.013550
57 8288.900391 1174.505859
58 8565.099609 1219.629395
59 8819.599609 1210.190063
60 9078.580078 1208.301270
61 9368.379883 1274.149170
62 9634.559570 1328.343384
63 9900.339844 1358.354858
64 10236.830078 1344.758667
65 10505.379883 1376.578369
66 10817.709961 1413.927856
67 11114.759766 1402.914062
68 11415.690430 1467.730225
69 11748.400391 1510.115234
70 12151.799805 1581.766113
71 12467.379883 1625.117798
72 12877.639648 1661.435547
73 13195.940430 1701.119629
74 13530.830078 1742.416748
75 13893.400391 1838.568970
76 14271.030273 2020.423706
77 14809.110352 2154.934814
78 15304.230469 2211.580322
79 15816.690430 2126.661133
80 16304.799805 2232.179199
81 16926.179688 2297.636963
82 17417.929688 2358.270508
83 18026.060547 2473.824463
84 18728.259766 2539.789062
85 19477.740234 2667.763184
86 20137.410156 2766.646973
87 20799.109375 2837.841553
88 21651.400391 2912.626221
89 22438.539062 3143.623291
90 23334.949219 3255.960693
91 24365.390625 3594.520264
92 25594.060547 3696.259766
93 26964.330078 4100.958008
94 28439.109375 4506.351074
95 30372.570312 4769.945801
96 32748.810547 5234.666016
97 35980.839844 6585.229492
98 41389.371094 8137.349121
